"O0";"O1";"O2";"O3";"O4";"O5";"O6";"O7";"O8";"O9";"O10";"O11";"O12";"O13";"O14"
136;12828;6089;3091;815122;869906;385630;119518;148116;244784;353182;190106;106230;77160;23256
136;11482;5793;3387;786126;750084;320425;108796;127433;198439;353178;179148;95971;91578;30518
110;10262;3561;2434;727950;509637;314868;48632;87438;190949;277429;92731;78308;53230;21227
96;9817;2779;1781;704303;431115;319469;33957;76284;198500;217368;62947;65782;33461;12515
112;9245;3204;3012;697419;399993;259885;34819;74389;141863;316710;87922;80357;72139;33040
111;10706;3843;2262;758016;572605;327116;57184;95500;210758;261417;101051;76319;45233;18347
131;11366;5252;3263;775872;704356;328514;91250;118519;201214;349204;159078;93491;85602;30215
122;11631;4657;2724;778113;680693;358649;74642;114755;225997;313648;136671;91750;61572;22355
116;10355;3894;2776;740769;536155;306799;53714;90432;183113;310832;108364;81487;66046;25336
124;11340;4717;2909;778049;668865;337042;75427;109251;216189;328419;139814;89517;69565;25318
110;9852;3471;2524;727103;479642;289930;45655;82277;175142;282000;90982;73836;55939;23244
136;12263;5789;3391;798481;808100;362150;105227;133538;226925;372877;186605;103726;86835;31373
126;11218;4820;3055;771342;660721;329113;79341;112653;202978;339063;141491;88580;76675;27993
133;11145;5146;3632;771672;678635;312748;82449;111731;193269;379671;164598;94686;97583;38676
129;10468;4790;3466;758038;611217;287484;75079;100370;173140;355461;146266;86243;90561;37598
128;10340;4737;3391;760269;596650;277836;73135;100043;167510;348240;143718;84102;90021;34502
113;9994;3734;2594;741807;510827;289151;51997;88757;177081;284607;99170;73190;60143;22826
108;9527;3414;2364;722159;466991;278509;46245;77775;166320;259326;86878;68761;49393;21640
111;9735;3590;2515;733852;489061;278160;48418;81761;168632;277031;94930;70618;56196;22271
101;10569;3348;1702;735994;530567;353670;48363;89765;221927;215805;77668;65499;31027;9592
110;10576;3783;2212;749625;552075;324840;55359;96142;204248;260845;97033;73790;48421;15007
120;11204;4710;2430;783088;673096;332368;82083;112338;215183;278038;127528;78733;54475;16754
126;11270;5014;2861;783121;690781;324159;85995;113738;207694;315077;146919;87708;69913;22673
134;11911;5606;3305;786232;764905;349730;100726;129918;215976;359460;175177;99981;87460;28721
124;10023;4275;3351;745397;539100;270215;59775;91204;159553;343689;127906;83816;86413;36030
135;10428;5204;3841;757548;628236;276214;83190;104550;162556;380522;167169;89747;108224;42412
128;11045;4904;3224;765441;652419;317908;79926;109191;190745;348816;147320;91549;83486;30644
144;13128;6787;3509;826605;945371;383702;138961;158129;242635;388867;227721;113404;91429;29233
137;11567;5718;3598;792654;757570;321857;101836;124687;202162;373106;185040;96531;96342;36002
144;12142;6419;3877;798299;842878;337318;121744;137158;212946;406918;218949;106097;108368;38283
132;11215;5125;3521;772280;680161;320092;83571;114592;193176;370904;161904;94458;91729;37456
126;10402;4632;3243;749526;591352;289094;70981;99722;171805;337670;139071;85892;83283;32165
121;11117;4451;2809;760640;631478;337782;70788;104618;208035;319776;125428;86775;66449;25315
133;11120;5259;3519;775207;687005;312140;88260;112554;189646;368957;165651;93385;92847;36548
142;11218;5744;4267;768913;725413;303262;95677;116075;183793;424371;196801;99902;123527;51175
142;11480;6094;3917;793809;774961;305922;111526;123704;191148;395823;203939;100244;110704;41011
144;11900;6340;3956;788930;812998;327942;119359;134942;198340;407808;214200;105505;113803;39982
141;11946;5992;3878;791016;792896;337973;108780;133521;205218;405982;198843;103260;108862;40825
154;13288;7605;4176;814139;1009935;376878;162776;168557;234912;442157;272159;121929;123314;38655
142;11384;5952;4059;777513;751806;309358;104497;121417;187397;410188;201482;100158;116825;44376
155;12817;7673;4262;821606;980202;345530;164215;162996;222736;434162;276711;116731;127902;39857
142;11691;6176;3835;796440;793294;318667;115774;132646;198891;392369;204255;98738;108808;38343
140;12206;6097;3633;800891;824751;342947;112942;135507;217359;385865;201695;107502;99170;33773
144;11663;6075;4221;783559;784387;316074;106725;120732;197080;434006;210057;103976;122361;48201
133;10628;5029;3749;760060;626961;286575;78957;106787;169717;380993;159274;90684;103380;41695
136;11071;5462;3718;772907;687323;301192;93042;116596;179292;381218;174503;96426;103776;38719
134;11147;5332;3579;780357;693154;311232;90079;116645;186574;372581;167912;91763;97763;36330
156;13107;7917;4173;819966;1024964;358269;177099;170431;230516;428607;281268;118576;125385;36868
114;10501;3975;2466;753595;562671;309723;58180;93912;194500;279986;107388;78066;55884;19012
132;12029;5772;2874;813780;796739;349779;113343;136289;222369;327936;168343;89273;73645;19329
102;10272;3359;1792;729699;515808;326620;48526;87924;210736;218156;77884;63830;34554;10736
114;10856;4068;2373;755040;588598;338063;62572;100959;208942;281868;106962;77172;53976;16954
100;9858;3221;1729;734088;481268;305833;44589;80489;194590;218946;73900;57375;34091;9120
104;10289;3413;1943;737196;512012;322826;47437;87169;203628;236957;83093;68230;39629;11945
99;9752;3185;1666;718801;477059;304792;45580;79165;194281;206341;70307;56983;31591;9371
110;10736;3876;2119;752014;573884;340921;60020;96208;210776;259170;96695;72377;45158;13947
145;12994;6898;3542;818831;940218;373236;144429;157125;237519;394116;226764;111276;99599;26848
118;11119;4638;2265;782199;665150;332598;82476;108425;215557;268787;120439;75068;49702;14299
132;11686;5539;3107;786100;745644;339362;101718;127114;208100;341200;166337;94897;82242;24363
138;11880;5956;3497;790807;789074;336870;110040;130545;210358;377754;191038;99821;97820;29638
136;11573;5716;3464;785371;747220;329960;103013;124711;197684;371235;181035;97239;94835;31157
153;12938;7490;4138;819399;968289;356495;158696;164851;223747;433111;264377;117737;126148;36055
126;11728;5108;2767;784047;721866;357096;92256;123213;218262;316168;144857;90770;66910;21477
143;11605;6171;3982;790381;775068;310988;111295;129451;183748;402366;209878;105787;116470;39548
139;12001;6043;3548;792119;807682;346107;114366;134700;213462;375602;193504;101727;97785;32334
136;11651;5703;3477;788414;750672;334478;103370;129532;203407;371537;178294;95806;97504;30872
148;11354;6554;4324;788203;789363;292527;124321;131991;176806;413211;226366;101241;131189;47520
127;11047;4749;3252;758580;635392;322835;74830;110813;189648;351042;141517;91931;86101;30927
134;10718;5104;3807;760211;640131;287267;80724;106845;170253;381105;162481;95284;106594;42285
135;11001;5156;3889;756427;654979;306087;80472;110328;175689;399715;167364;99392;109604;43555
142;12200;6133;3878;792172;819684;347297;112938;136182;211143;413400;205439;107376;108928;39875
131;11298;5129;3386;776065;689691;317854;85815;113547;195103;361237;157991;95359;88214;34125
133;10477;4921;3857;756154;607174;280327;74364;102991;157236;384366;156962;92721;107635;44345
142;11175;5831;4180;777790;720668;294085;98728;119431;173511;412969;198937;101588;122282;47233
139;10694;5568;4023;773029;674544;275815;92977;110240;167526;393888;183599;93430;116687;44726
123;10060;4266;3237;740074;534848;281284;61602;90490;156750;339314;123617;86089;84146;33256
128;11292;4987;3141;777947;678152;327805;83440;116014;195678;339274;149061;92315;79920;28955
130;11895;5333;3052;789781;746290;351901;94684;127070;216906;338655;160371;97685;77830;24875
153;12590;7290;4338;802737;931046;340425;149274;152949;212074;440914;260168;117911;132632;43202
153;11752;6908;4720;791298;834882;300555;130279;135114;181884;461648;250784;109773;150703;53510
150;12469;6890;4285;790685;888802;350189;136253;150194;209629;438181;240519;115255;129923;44605
142;11772;5947;4064;773938;762895;328481;103617;126851;193589;424091;200885;109582;119959;42719
143;11394;5889;4264;770976;736802;309707;101157;122207;180709;426024;199321;105354;128236;48477
144;11033;5921;4375;770097;711761;288048;102068;118396;164816;429294;201453;99936;131672;52151
149;12450;6942;4084;805860;897013;339056;138879;147972;211983;423709;240902;112967;122033;38460
120;10800;4391;2749;761582;603570;318157;68991;104308;191483;306172;122552;83421;66061;23236
129;12014;5381;2875;800780;760758;354903;98864;130666;226408;330498;156808;92602;73179;20653
111;10561;3771;2334;751350;551001;322216;54434;93424;200412;273455;98056;75203;51625;17700
137;12259;6070;3246;809196;833076;353427;118955;138543;225105;357612;188074;99725;86437;25754
138;11842;5944;3509;801123;785744;330500;111692;132224;204984;373778;188402;99192;96504;31938
135;12757;6086;2959;812217;861620;384949;122525;149414;240585;343464;182745;102763;76373;19352
126;11226;4994;2881;774500;671404;327995;86173;115271;194577;322348;143724;89478;73289;22314
136;11395;5693;3487;782247;729588;316381;104287;124720;186061;365469;176752;96914;96497;32504
128;11569;5043;3085;773596;686857;345102;84595;121453;200636;347392;149903;96054;81827;25051
128;12056;5309;2819;792648;751810;370283;97244;130774;222822;330706;153158;93524;70886;20088
142;11178;5906;4105;778680;722590;295170;102777;122141;174182;407864;197901;100681;122707;43795
151;13003;7296;4029;811788;961407;363274;154418;162313;225947;428425;252064;117996;119722;36271
143;11729;6000;4153;774018;765343;323984;105379;129016;190475;424821;203459;108661;122945;45408
163;13551;8480;4723;810278;1085023;363317;190196;177377;229218;484867;322435;135309;149822;46108
150;11874;6629;4546;777786;814870;318025;123524;135752;186292;457234;233753;112809;143014;51009
145;11511;6083;4357;772773;751807;310971;106373;124845;177558;440059;209372;108014;132006;49889
133;11215;5164;3614;766181;673984;315332;84551;112072;184295;383758;162390;99247;98051;38314
154;12476;7315;4466;799083;926097;333172;150891;149539;207877;450969;260624;116342;137959;47430
138;11319;5467;3986;766429;693401;312548;89126;116212;178657;413634;181439;105622;113256;44715
153;12921;7272;4356;801323;945608;358013;148820;157754;218218;458450;259141;122213;133330;43985
146;11897;6385;4200;782065;800869;322926;118518;134701;189745;433166;218611;110814;126664;44287
156;12245;7458;4632;800650;908197;319052;153267;151325;193219;455552;271056;115788;146619;49678
158;12697;7699;4704;796450;949417;339364;159944;158152;198497;480732;284312;123488;152588;48112
151;11501;6724;4601;774420;799004;298018;126534;130699;174852;447334;238676;108707;144922;52343
146;10950;6061;4524;765347;708601;279302;103179;115035;157362;443273;210439;102903;142369;52093
151;11464;6663;4662;779123;794862;297211;122355;127575;172606;457178;239299;106205;147124;53697
146;11974;6498;4087;793118;822126;322760;124873;139588;192476;419878;218904;107525;123285;41018
150;12156;6811;4364;788798;851087;329322;131421;141131;190945;445311;240623;116292;132519;46737
175;14093;9968;5257;815651;1234116;365309;248776;203504;233314;521368;401560;144845;175016;52623
156;12431;7372;4718;790733;913734;331668;147576;150026;197100;473849;270709;119585;151142;51193
139;11652;5721;3870;779369;745654;324845;100209;122690;192271;409020;186855;103961;109440;41485
143;12161;6419;3734;792562;830490;343739;127372;141353;203850;401030;207934;106318;107095;34790
146;12469;6548;4037;793061;854765;353798;125354;146025;208429;430952;224068;115119;118714;39944
142;12021;6031;3980;780583;783046;341728;107775;134747;196511;419827;202363;111297;116289;40753
149;11358;6377;4649;767201;756461;296306;112181;125354;167633;453257;227193;110279;146490;54410
140;12080;6127;3603;797329;807316;339628;117525;135082;206501;391180;196338;105230;100275;33442
152;12898;7280;4196;799311;944672;359899;151202;163042;221524;437450;255341;119696;127712;39545
122;11027;4503;2878;767071;620328;322926;69856;107394;196240;324147;129210;87502;72372;23802
108;10852;3718;2060;756450;565364;345523;55912;96656;214261;255494;91782;73497;42808;13654
125;11799;4960;2790;785382;708825;358828;86370;122933;221070;325347;141064;91519;68842;21474
146;13108;7086;3499;825217;961787;374948;155030;163050;236614;390361;229108;111206;97078;26864
165;14298;9123;4407;823818;1190552;397724;226181;201255;249364;475136;336591;138337;135324;37034
150;12851;7152;4023;803031;936649;360876;150157;156572;221273;433342;243693;115832;120639;36811
134;11112;5357;3554;776850;681076;303787;91078;116838;179146;374564;167292;94290;99306;34408
133;11080;5250;3528;776809;669676;302131;87523;115578;180613;377378;163021;92175;99139;33623
130;12241;5471;2914;805087;776781;365023;100537;132415;229052;346786;161828;95346;75021;20374
153;12724;7264;4364;799803;930236;349197;147646;155091;212909;456578;259364;118526;135198;43068
138;12532;6114;3339;804957;838359;367378;119899;146061;223843;376483;190342;104960;91123;27172
140;11268;5811;3919;773653;719089;305855;102778;119746;178013;404509;190308;101581;112968;41526
141;12324;6002;3868;787125;799897;358173;107082;137808;212119;421853;200611;113997;111810;37807
154;12957;7568;4213;815958;976253;351787;162741;161211;219958;446488;266381;118629;129351;38431
135;11845;5620;3425;789904;752438;338694;100143;126909;202735;378866;176522;101054;93987;30343
132;11446;5364;3282;781223;705022;326888;94012;119120;195070;368106;163129;94029;89026;28493
144;13103;6821;3475;817705;937454;380542;143218;156927;239155;394243;221578;114089;95772;26776
133;12621;5765;3013;813547;820550;376970;108988;142421;239079;358334;174824;101123;78603;20891
114;11610;4354;2087;781115;661750;375989;75225;113560;233374;267036;108710;78012;44553;11976
130;12661;5560;2825;802070;810678;395790;104936;138874;245512;342245;163141;101299;70590;19093
140;13239;6517;3213;819531;919794;398560;135113;159995;248472;381485;203630;109476;86747;22090
140;12422;6118;3612;801554;821765;355537;113950;142460;217532;400183;200297;109895;101840;31493
140;12341;6143;3587;804326;822212;353887;116978;139567;212371;403191;197955;105431;100890;31757
148;13266;7192;3686;823581;974115;375687;154188;165884;237838;410413;240978;116903;105512;28718
140;13185;6595;3135;826131;929413;390351;139734;161867;249389;366908;203837;106330;83234;20775
135;12475;5907;3138;802447;824152;370609;113653;140805;228401;361920;180602;101984;83468;23272
127;12087;5263;2738;799258;754650;369358;96016;130105;230838;329968;150639;89067;68549;18171
137;12784;6293;3023;816310;880012;380735;130115;149718;238156;354722;189583;102227;80044;19478
159;12332;7819;4742;801337;934430;313429;164683;152045;193900;475500;288937;117218;155660;48079
148;12282;6702;4176;789153;839347;336748;127096;143660;197502;444295;234237;117246;128730;39333
152;12662;7216;4260;804171;910030;344053;145623;153616;210428;455536;256745;119582;132041;39391
137;11913;5841;3475;793062;768903;336138;108487;130670;202731;385013;182418;102456;98238;30077
149;12462;6881;4145;803049;875278;341706;134948;146143;205880;439430;240276;118691;126111;38939
132;11912;5488;3158;791444;747095;348079;98040;127310;214231;358231;168026;100263;83268;25326
141;12206;6256;3614;797639;818265;343249;118263;137181;210176;395163;205596;110525;103603;29848
127;11466;4945;3056;772200;671276;335139;81937;117304;203800;345518;146377;96657;79560;25501
158;13459;7917;4486;807394;1021160;372129;168137;172033;226617;477407;295187;135215;140267;41365
128;10715;4785;3343;756791;603017;295966;73836;103444;171131;362724;145616;94088;90170;31754
135;12197;5801;3244;801611;789938;355453;108474;136038;223042;370688;178811;100848;88489;25221
130;10840;5050;3335;762162;625801;298370;80696;111952;172723;356673;156927;95991;90458;29679
133;11720;5609;3169;799321;756910;330675;103677;120667;210126;355328;170262;96734;83224;26143
130;11679;5202;3183;783107;712613;343244;88793;119155;211891;361180;157581;97244;84315;27071
126;11986;5124;2751;785960;731935;368314;91359;124168;227759;324479;147383;96750;66533;20225
127;11496;5050;2951;783543;687287;335267;86719;116901;206334;337995;147338;94706;76417;22901
131;11624;5241;3274;776567;699662;333167;87606;121349;203020;364530;162423;102115;88425;27691
133;11057;5151;3627;760389;646606;305556;80891;113108;176873;382856;164495;101923;103118;34802
126;10442;4729;3146;752493;581569;288628;73980;102264;166032;339239;140626;89957;83204;27690
147;11538;6705;4026;792499;805427;299083;131422;130405;183203;412209;227754;103051;122451;37038
131;11705;5471;3044;790124;746461;340809;100721;123167;212503;345201;161995;91827;79606;23823
105;10927;3635;1825;744701;561093;366057;55810;99696;223673;234479;85133;70722;36709;9808
134;12795;6144;2767;822808;873917;384229;128585;151221;245772;330834;177694;97271;69865;15940
105;9133;3044;2416;696449;394155;265945;34393;69058;155698;277909;77833;69826;54687;20547
90;8314;2209;1796;655233;307242;252380;20916;53440;157374;218558;48117;53633;35410;13037
100;9691;3122;1828;710310;450740;308028;41199;79874;188289;223451;72584;62735;37191;10726
115;10360;4042;2513;745124;541859;306365;59937;96186;184861;290667;108839;78071;59257;18872
131;11570;5362;3153;776434;712502;337202;93652;122698;203598;352162;163052;97020;84638;24803
108;10442;3659;2119;741074;527735;325947;53037;92476;198638;257817;91105;73395;46533;13481
65;6817;1193;887;542944;182082;238185;9085;33580;137927;118590;18017;34228;11870;4708
7;821;17;4;74518;3073;30689;17;460;18960;579;16;177;2;0
78;8637;1862;1141;631828;306287;306847;18631;54734;187133;153590;34184;47852;17251;6010
258;14965;22800;10353;663888;2017218;273837;917262;325084;196081;758307;1290550;210156;503914;117330
46;5674;647;388;445285;116801;219617;3856;20355;140320;58931;6752;19444;3396;1176
151;13099;7449;3876;826324;966820;363228;161426;161777;229788;431888;254324;121294;116975;29750
124;11643;4939;2687;791120;692632;356184;85824;119528;225300;323291;138682;88555;67722;17896
93;9928;2874;1404;723588;456101;333515;39410;79419;210342;192883;59027;52777;25250;6079
98;10121;3194;1559;739871;487953;335685;47248;84040;207806;211698;67098;57003;30684;7066
112;10710;4134;2082;773106;596374;331255;68144;94350;212047;266702;101912;68517;46484;11380
135;12863;6048;2997;824185;854865;389284;119606;146550;244671;367445;183241;104116;79084;19064
131;12891;5708;2807;812254;826503;404869;110256;146394;248934;351353;166832;102593;71900;17157
128;12024;5336;2792;807254;747312;359732;97352;128361;230692;338116;154366;92449;71548;18110
157;14226;8513;3733;842141;1140658;406579;212722;197553;262011;428584;285653;127454;110043;24292
137;13019;6312;3004;826576;891962;389724;131669;154999;250024;361306;189129;103659;78855;19567
157;13555;8088;4158;827979;1040723;371366;183971;180919;242909;454223;286013;128898;129701;33025
128;12445;5434;2694;810066;785942;385350;102317;136614;246040;330299;155627;95523;66479;16953
145;13328;7036;3404;833105;967625;389087;152902;164929;248850;397371;226209;112189;95024;23505
153;13367;7544;4084;825698;987646;373966;161875;168601;234710;456560;263520;125188;126479;33402
163;13895;8645;4558;821214;1099779;377908;202098;188482;237175;498179;318301;138034;148949;39213
142;12315;6074;3937;805887;790832;345580;108757;134585;210055;443385;203073;116514;117943;37407
153;13516;7297;4331;813546;967576;379303;145698;164748;234361;482556;264932;137402;134889;39757
144;12736;6377;3919;808430;846964;361669;119810;144672;225579;441794;215265;121573;115574;36695
127;11394;4680;3321;783437;621093;332314;69398;112950;202230;381871;143732;103390;89342;30903
146;12991;6658;3927;814340;889135;368509;130478;152034;232598;444516;225411;122988;116496;35695
150;13255;7201;3974;822542;947889;375339;149941;166815;236398;445174;248249;124151;119427;33683
150;13041;7164;4011;824443;931544;361442;145273;161615;228157;437251;251972;125542;120509;33546
127;11852;5013;2988;789021;698862;358497;84085;121906;225955;352070;148743;99304;76884;23663
166;13680;8862;4833;820596;1105510;362152;205799;182720;228395;506140;338573;140055;158825;45463
140;12147;5979;3751;805419;775390;341294;107469;132846;214069;417979;196211;114686;110273;33627
119;10833;4189;2832;767270;570009;324526;61051;100759;199668;329703;118049;88532;70862;23857
161;12867;8058;4822;815423;981280;333189;173882;161864;216504;499170;299351;127271;160874;48533
107;10226;3345;2326;742336;480636;322429;42865;84356;198181;286086;85266;74261;52098;18256
139;12469;6157;3434;822320;821628;354125;118498;147401;227672;387754;196551;108269;94913;28027
78;7893;1733;1270;627230;262160;256944;15461;48961;162723;159271;32581;44204;20163;7871
89;9440;2486;1430;688174;391347;324741;29870;70989;203622;187079;50847;55158;24978;7869
91;9024;2280;1815;679200;334439;295755;22526;63072;179956;227405;50031;62086;35280;13648
78;7770;1625;1378;625327;243180;252623;13165;45283;153644;174144;30806;45200;22393;9712
94;9203;2657;1714;699440;393735;300200;32080;69214;183689;215190;57603;54263;32998;11363
92;8714;2387;1799;682068;344715;273425;25467;58383;169218;223685;51623;53904;35183;13307
91;8577;2263;1832;677100;320721;267243;21972;56593;162959;227083;49679;55470;36133;13701
135;12314;5803;3242;818868;789042;355717;107995;137079;228400;377166;179667;104855;88480;24853
124;11813;4998;2628;805143;711240;351740;88213;124362;230263;312299;140495;90368;64127;17289
139;12889;6393;3198;826342;882137;376163;132022;156667;242897;370311;196564;106450;86647;22756
140;12095;5910;3820;807516;762026;339456;104905;133758;209771;424717;194673;113473;111519;36483
130;11384;4949;3436;782723;648811;332537;78388;111889;202585;390159;152175;102894;93958;33239
141;12434;6049;3821;808724;799835;352219;109769;138645;219117;429189;200802;117223;109900;36839
156;13494;7590;4500;815105;985546;374834;158567;170818;229634;491294;276197;136547;140765;45091
145;12807;6326;4114;803137;829471;365005;114417;147015;221988;460007;218210;130350;124947;40066
141;12695;6273;3597;814242;840286;365475;121984;147032;229125;410252;201472;116349;103051;30803
137;12511;5663;3653;805583;768624;364655;98195;136294;222167;423596;182606;118344;104708;33711
142;12300;5900;4111;800457;762430;344426;100513;134026;209394;456990;200658;123414;123145;42864
136;11692;5338;3842;793420;689189;328527;84508;121796;203017;425677;175308;109981;111152;39072
151;13142;7230;4095;826977;949044;363551;152758;161396;232142;456400;248168;121532;122660;38889
136;12908;6102;3078;825443;857891;383527;122011;153241;246479;362595;185470;107806;80695;21864
133;11875;5732;3046;824247;771509;337686;111400;130057;219602;352183;168154;91847;80384;23368
144;13368;6754;3542;829367;927903;388710;138028;165951;245800;411967;222034;119926;100916;26366
123;11758;4726;2777;790223;677940;358332;78551;119491;228770;331312;133964;93121;68265;21841
154;13453;7781;4000;834671;1017461;372255;175246;175083;241059;444922;267623;122880;121728;32307
132;12308;5427;3219;800092;748555;368859;97182;135457;229724;379303;163000;106788;87964;26514
147;13183;6557;4174;805015;875031;376798;121234;159459;232873;468131;229756;131319;127551;40124
134;11770;5203;3708;793481;679388;339482;83830;121558;203119;419468;165105;111719;105096;38053
149;13491;7032;3994;816763;931331;388540;144418;174763;236461;449099;239809;133356;120832;35215
143;12909;6313;3840;819534;853972;366661;119771;149514;231229;441394;210111;119342;110598;36711
141;12911;6267;3603;818804;856650;371314;120214;149901;236348;411892;204546;119598;101379;31171
129;12177;4915;3341;790382;685626;367189;77323;127496;226152;394584;151253;111727;89730;31198
125;11091;4525;3225;783275;599508;318029;67922;105811;197441;372838;133595;95658;85619;30614
127;11771;4651;3350;785235;639475;352639;69750;115509;213470;395785;140736;108434;90653;32236
121;10740;3990;3270;757807;516970;313459;51814;95430;188142;372216;117479;104377;84410;34277
132;12441;5318;3328;800864;742624;375326;90187;135054;230633;390091;165896;113474;88987;29590
141;12935;6507;3363;822124;883526;376106;133957;154909;240089;390430;204616;113563;93370;25367
139;13330;6467;3124;830448;911182;400782;135153;162947;254103;375892;198594;113286;83332;20910
134;12410;5629;3282;814006;778088;366271;103143;137215;230693;387670;172674;105171;88251;28016
157;13899;8119;4127;830621;1068263;388370;188323;185793;247509;456421;283909;135987;125658;34820
149;13646;7099;3927;817855;964775;397452;147536;170520;244477;447271;243111;133261;114723;34904
124;11873;4624;3002;791119;653638;361979;73127;118938;222816;358885;134675;104990;75397;26925
101;9986;2833;2217;725913;400848;321482;31994;80117;190789;278032;68311;79743;47863;18482
132;12386;5353;3293;797321;728512;372366;93094;138807;226689;385518;163097;115461;90414;28055
114;11125;3776;2665;763151;532381;348904;51151;101867;211349;328840;102494;96085;64471;22348
55;6746;892;593;519769;153493;261847;6096;31696;161576;87463;11175;29968;6638;2326
109;11280;3673;2213;761654;560132;365199;52943;101126;231974;280180;93448;87838;47286;16257
148;12729;6425;4453;799045;813380;355588;115518;149020;207773;491063;225855;134340;139786;48237
144;12525;6219;4077;803239;797131;354570;112993;144565;212992;448916;211157;127949;121805;41389
152;12571;6756;4720;802521;834828;336006;124450;146524;203959;502723;244418;133811;151214;53718
151;13138;6905;4420;800873;879072;368910;134672;163003;217401;485210;242346;140206;140137;45320
160;14084;8066;4654;803066;1045374;400148;175373;191190;239169;509948;298347;150827;151615;44585
149;13497;7118;3908;825611;946656;383335;150302;175888;239253;438434;239792;130345;115856;34324
161;13639;8267;4613;827693;1032456;362060;187153;185195;225232;493420;301851;142987;149292;44344
153;13219;7204;4424;815875;924310;367284;146163;163202;221599;490382;255183;134096;138949;44981
150;12707;6476;4699;794774;819550;345765;114945;150301;209297;502883;232800;135154;148013;55542
173;13635;9089;5789;791591;1066963;344644;203168;191868;206907;573567;369393;160477;205929;69556
163;13807;8070;5133;791231;1008530;378290;168628;186306;222298;542082;310146;156755;173094;56693
165;13722;8388;5142;796157;1030289;368840;183716;185197;219316;539627;320674;155049;174748;55992
149;12971;6412;4614;793674;834217;363493;112056;148760;216295;505481;231121;141245;144154;52943
155;13304;7117;4818;794651;905342;368580;136951;164324;216363;517964;261276;148431;155496;54962
160;13886;7798;4922;803910;1010255;382024;158257;177977;230755;532315;298961;154675;159391;53311
156;13117;7235;4855;801120;902020;351613;140760;163657;212665;518079;267472;142861;156966;55422
143;12531;5917;4236;798806;766703;351178;102701;140605;210558;470223;200290;130633;125614;48586
152;13825;7213;4263;816863;972651;391904;147246;174129;241916;478968;256363;143849;127486;42705
159;13760;7804;4757;805710;996895;378313;165281;181573;228439;510003;288124;152018;153137;50817
171;14144;9042;5493;796539;1119947;372125;206768;194512;225195;569557;359316;162976;189162;63559
170;13536;8577;5788;791046;1020396;343974;179369;183421;201602;580652;348296;159847;206237;70538
173;14099;9323;5555;795141;1124375;367361;217053;202458;219304;565071;373896;165333;195282;61815
172;13523;9018;5688;791891;1045670;338303;198769;189256;202027;563961;367097;162145;202559;64915
161;13237;7686;5194;795002;939862;354013;154275;170873;207894;541028;292711;147642;173827;61827
169;13250;8264;5932;773942;966540;339017;167635;173652;191280;591606;333668;160275;209847;79094
157;13090;7143;5103;790479;879776;351372;135360;163189;203549;533534;267223;151176;166639;63488
167;14084;8492;5369;797826;1069807;374982;182261;191034;225589;560285;337358;162892;179681;63055
164;13317;7794;5572;784280;945933;349209;151489;168343;202431;572970;308616;157541;190929;70730
170;14288;8808;5557;794632;1113656;379615;192790;193378;225993;579578;356049;167341;189276;66325
148;12689;6205;4673;788609;783943;351827;106399;145665;202743;507168;220497;141421;145739;56761
152;12746;6559;4917;782754;810207;348151;116415;150416;199106;523663;238113;144972;158379;60893
165;14742;8761;4769;816613;1155787;412004;202084;208171;247936;517799;335274;163880;151243;46529
141;13262;6020;3850;801928;829357;397943;108925;154835;235264;448343;199517;134655;110971;37897
176;14156;9288;6112;766756;1114542;371696;204451;202754;210448;607876;391410;174687;219939;77400
146;12840;5948;4637;788359;784653;362999;97861;140201;210993;516933;211055;139906;140819;58345
143;12923;6044;4109;800135;802014;370118;107728;150090;218793;456812;205167;138030;118686;45610
162;13277;7725;5316;790788;937585;347556;153548;173440;204672;546122;297997;153505;179362;64613
163;13653;7857;5346;781747;976629;371991;156225;178100;215356;560977;306880;158990;182542;62914
173;13809;8875;6003;766588;1049429;361564;190642;195274;201480;596517;364231;169327;217237;75936
178;13837;9396;6357;762448;1091823;352253;205250;194298;199837;619616;401616;174557;234714;82596
167;13439;8088;5773;772765;965847;353578;161676;177572;198177;584643;323623;162620;202246;74810
164;12854;7417;5949;766188;869805;332555;129646;155921;185063;593331;302000;160112;208616;81502
160;13950;7623;5097;792789;992796;389629;148521;173720;226094;550298;297749;163758;163373;60277
163;12975;7471;5732;766596;882348;339821;137376;163737;189382;571244;295918;160442;198867;76400
162;13150;7586;5455;778758;901222;348732;146058;171686;192408;553290;295126;159633;185334;69002
151;12724;6358;4967;773697;786065;350751;107639;149774;197574;522341;232606;150323;159213;63017
160;12570;7026;5694;766239;817507;324410;121061;151516;180397;563155;276849;157468;193227;78783
150;13270;6573;4602;792624;857149;377164;120404;159430;217265;503431;234126;148895;143340;53430
153;13107;6841;4787;787825;860366;362468;128822;163634;209061;502602;247361;151014;151803;57290
156;12473;6458;5632;753803;759651;333797;101321;145815;175875;566230;250811;157902;188947;79541
161;12719;7060;5820;758638;832106;333737;121717;151836;180884;582858;278727;158202;199935;82261
157;12997;6970;5276;775250;855241;350776;127853;157138;197967;550745;261415;153635;173961;69481
152;13584;7019;4457;808588;926858;383036;139076;170116;226750;488598;250956;147748;133710;50058
162;14117;8223;4818;805722;1050893;390595;180194;195215;229830;508626;310223;161444;154652;50451
168;14230;8757;5271;790981;1098079;388909;196117;198357;226877;551125;343166;165246;178979;57954
169;14211;8771;5425;789409;1088863;383335;193337;202255;222746;556241;349443;168917;185860;61604
161;13657;7670;5210;793611;972434;371053;154352;175797;215512;544080;293618;158506;169238;65432
166;13585;8046;5649;776712;973887;361537;161370;181153;201413;577164;320303;164084;194828;72159
179;14294;9686;6245;767153;1156425;371250;222389;207955;211312;618607;409236;176695;228783;79521
171;13340;8489;6046;773613;992576;339437;175155;178745;192425;590492;347466;163621;214244;81940
182;13471;9865;6606;767559;1089326;325408;224968;197607;183830;609289;425949;172211;248898;88445
150;12212;6140;5035;767069;729740;323947;100430;141128;180903;509864;223519;148864;160392;66959
167;13401;8102;5759;782405;970700;345925;161466;174996;197570;577544;326856;163165;198720;75313
154;12792;6508;5273;760650;792355;353523;108333;154102;189813;539637;244814;158490;174589;69168
176;13138;8894;6506;755632;990851;323784;183060;178167;179578;612419;377049;169773;244278;88813
166;13624;8341;5354;794822;1013277;358422;181499;185959;207934;541279;321233;160743;180961;64967
182;13859;9985;6486;768984;1135307;342839;232868;204016;194386;614818;427031;175161;244634;83727
174;14025;9046;6005;776035;1096193;367429;196758;192745;209430;598454;376975;173094;211688;77503
155;13034;6717;5218;774846;840653;356854;117907;154125;200634;547679;252786;155327;168408;69584
156;13283;7074;5016;779915;890071;368185;132235;162021;209373;527396;266008;158678;160675;61702
152;12998;6635;4841;775348;821345;361571;116940;164396;200167;499435;245045;156563;154340;57475
174;13296;8723;6328;769163;1014493;332067;181900;176890;191088;603153;362767;164391;229122;89135
177;13360;9056;6520;758210;1024321;335133;190629;185613;183022;617187;385290;169313;242333;90348
180;13422;9657;6453;765632;1066197;327744;217973;199247;183319;596489;410300;170679;244427;83160
163;14149;8245;4958;800760;1059868;391997;179220;189266;230902;533358;313929;160190;161927;53485
145;12362;5986;4454;786259;745460;341505;102952;140768;191290;473214;207090;139959;132962;54636
148;13118;6683;4195;802793;865589;369790;130315;164238;220776;455441;229122;139420;126529;43430
142;13348;6351;3660;808965;869469;393948;124309;163686;238568;418413;205868;133407;104477;32526
161;13586;7949;4931;790312;979861;374437;166704;182090;217182;520709;298692;154505;166395;50849
134;13315;5842;3069;814503;845827;413549;112010;154843;255662;371936;177733;121723;79648;22693
141;12828;5991;3879;793875;791975;370412;108243;152381;221840;428367;197767;135408;112486;38814
158;12519;7203;5200;779570;829279;324196;136572;159202;180509;513642;271126;152079;171700;65558
146;13202;6463;4122;799910;854180;378385;122832;162480;225950;454552;219222;140299;123732;42294
152;13468;7208;4268;803884;930159;380737;149046;177258;226762;461711;250767;143641;132528;41459
159;13993;7852;4709;806075;1023103;388250;166072;186771;233963;502427;292473;155911;149602;49212
161;13492;7909;4971;798632;979181;360368;168369;180118;215145;515211;293553;152046;165318;55400
146;13274;6639;3946;800996;878130;385822;130949;165223;232297;438044;223630;139055;115909;37592
159;14103;7768;4793;795545;1013529;402528;161702;188784;231761;516107;290630;160535;153210;51817
156;13513;7466;4624;799177;944934;373357;153608;180008;220008;489781;270006;149892;148928;48078
135;12427;5449;3596;785409;720900;371545;94613;141886;216348;408002;169888;126272;101102;35392
180;14113;9867;6243;772148;1159219;359331;231114;206328;206970;608786;416303;172783;230378;78065
174;13680;9197;5854;781735;1075029;348342;207933;198352;202772;565003;374860;164952;208365;71766
177;12454;8705;6871;754548;938962;291693;172403;163163;165149;616174;373132;155221;259902;103163
161;14096;8050;4830;807041;1048947;391073;172324;188535;232574;512355;305746;158494;151486;53084
163;13648;7885;5318;783377;980897;369872;161840;182567;210898;542773;302895;161086;178175;65651
163;13728;7954;5249;787223;997746;376205;164761;183091;215369;537544;306205;161232;173901;63694
184;14501;10425;6411;768360;1237910;372483;250849;216199;214095;620049;455848;181663;233107;81580
158;12245;6783;5620;768864;793847;312969;115933;144231;175596;546770;260590;146693;189169;79264
163;12769;7587;5616;778936;895368;325759;147872;161120;187099;547644;293193;151663;191505;75991
153;12801;6499;5129;766313;794245;353963;110068;156956;193827;527437;242024;155079;167097;66087
151;11777;5929;5396;753430;678805;305077;89954;131798;163172;529011;218811;147569;175937;77773
145;12183;5778;4662;777026;717130;331983;92735;137661;189325;479060;203187;141420;141675;60043
138;12460;5440;4013;778827;710853;367566;88625;142139;206655;437679;180249;137105;113467;46195
154;12399;6357;5424;765703;764825;327646;102479;143946;182468;540892;240494;151719;177839;76092
151;12373;6410;4915;774823;770986;330847;111164;148673;186344;494818;232994;146400;155610;62707
165;13207;7808;5722;780917;942144;344174;151045;172134;198111;561060;312235;159238;195099;76751
156;13179;7232;4858;794449;909702;360474;142394;168572;209982;494567;267004;150666;152538;58684
154;12689;6580;5201;767764;805457;342778;112735;149858;193759;527486;246271;154379;169413;68485
141;11647;5126;4744;753706;630281;322820;72092;119775;179890;488993;177209;135878;141820;66189
140;11769;5214;4516;762791;628513;326614;75851;132678;177567;463452;177874;139285;136231;57624
156;12254;6715;5375;765952;780540;320513;116861;148131;178535;525208;253733;148680;176061;73965
150;12355;6309;4866;777952;764601;331669;107441;149169;189524;485824;230049;146066;151311;62499
169;13655;8586;5610;788175;1051486;357703;184362;183817;215196;554454;345025;160233;190726;70131
164;12028;7279;6087;763637;813764;293789;128229;144767;167487;564584;291069;146341;212373;90093
157;12182;6766;5480;772231;790721;311039;118066;143962;176764;530289;256963;145729;180606;77075
144;12515;5940;4356;783633;774242;355981;102206;142826;208267;459607;204568;135072;127726;52844
161;12475;7488;5392;784904;870469;317086;145241;156403;185157;523451;286972;144637;180925;69502
160;12499;7201;5519;777786;852915;319077;134409;153031;185941;534772;275983;146796;182565;76963
149;12114;5987;5039;773086;730474;323191;96076;136744;182424;506298;217355;141306;157151;69692
169;12273;7764;6432;754377;855028;298990;141457;154798;167533;591518;319017;152861;234183;95587
165;13008;7879;5651;783721;949325;336626;156606;167875;198060;547831;312930;150203;188599;76995
137;12138;5223;4093;776646;680102;347584;80991;131380;199900;434182;174002;136862;114128;50099
139;11156;4923;4668;755458;581284;294999;65982;114165;167167;466900;169200;131507;138105;64702
137;12772;5666;3650;795182;779559;382469;100458;145516;228326;406689;182702;129856;98132;37928
154;13039;6950;4831;795853;887576;355752;130300;160563;211373;493267;258578;146499;148344;59682
138;11476;4971;4482;761212;612852;314906;70419;119138;176906;460088;167146;130498;130507;60464
149;11823;6016;5010;773401;727350;312042;98325;130550;180241;493692;218455;133831;152467;71027
150;12276;6329;4846;781361;777893;329249;111342;144282;190608;487991;226541;137338;149584;63833
151;12761;6599;4726;778751;823352;354054;118985;156721;205009;485896;238908;145730;148480;56102
153;12407;6831;4797;796836;837245;330706;128473;151151;197134;482021;248189;132148;149684;58930
145;12175;5918;4522;781708;741827;334845;98525;141146;197266;463371;206884;132855;136931;55300
146;11320;5590;4995;764043;641765;291661;83786;126015;163612;484731;199808;131437;153986;70500
152;12622;6665;4811;781600;827789;342651;121630;151338;203201;489259;241733;143099;151394;59043
159;13077;7591;4970;800001;939306;346873;153394;170515;209736;493566;287756;146132;156093;60116
163;14087;8468;4735;815753;1090062;384996;193562;195534;235909;495050;315957;152957;150748;48294
167;13279;8402;5459;789662;1005085;348481;180432;181160;206701;534999;328935;150955;187164;65824
151;12722;7015;4310;807173;890645;342056;140884;153419;214982;447431;246641;131693;129301;45649
124;11700;4440;3186;768981;613427;357739;66672;118597;211575;362733;130883;112873;79898;32671
145;12309;6191;4249;788039;774752;335427;111762;144652;201634;441300;210841;133570;128345;46692
130;11527;4946;3439;782308;642031;328974;79595;121911;198931;377404;150765;111863;92773;34627
138;12323;5770;3683;796492;756735;350725;103324;142841;214053;400002;185242;122916;104264;35706
140;12933;6107;3623;803482;824371;383139;116123;158417;229338;402066;196260;127208;101877;33320
151;12274;6613;4712;785073;805068;325967;122929;147926;195175;471846;234567;134167;147416;57563
160;12327;7090;5630;764747;834613;320523;126644;147968;185837;540532;275305;144456;189678;78293
150;12667;6428;4747;778832;813051;353901;112247;153440;207414;486508;233057;140472;148489;57507
168;13187;8417;5611;784458;1009451;341886;178346;175338;207735;541316;335480;150393;191224;71166
171;13611;8804;5731;783587;1059061;352977;190821;188384;210149;559301;357847;159370;199719;70418
152;12137;6568;4908;785328;797143;317101;118035;144269;191751;484680;239169;131163;152757;63839
137;10823;4731;4585;752082;557329;284170;62339;108282;162245;454599;158460;121718;134748;63673
137;12374;5645;3671;791662;758326;356030;97406;137955;218716;398110;185006;125259;99845;36963
150;12528;6708;4467;797381;839263;340572;128465;152084;204410;455015;236269;134113;134851;51715
145;11539;5749;4691;777371;698624;301911;92724;125311;182221;466142;201208;123114;141519;62189
152;12687;6870;4606;801842;868833;339416;132522;154268;208835;468668;247687;134850;137560;56031
146;12665;6113;4472;784102;793996;360124;103388;148955;213339;471071;218055;136724;133998;52639
136;11010;4842;4338;764378;584001;294288;68221;113049;171247;438627;159277;118812;125611;56931
144;11722;5615;4681;768891;688580;319075;86432;129897;187909;471238;198358;128317;141318;61236
149;12310;6438;4588;788988;798377;328416;115841;146688;200935;463625;229203;133251;140457;54773
153;12017;6397;5231;769895;758140;311537;105814;141721;184011;508074;239099;138464;170307;70056
153;12422;6606;5022;781190;822000;334370;118277;145276;198302;502174;243119;136709;156437;67443
162;13111;7751;5290;789456;948697;343519;154628;169717;208192;522494;300421;150123;175434;65037
149;12291;6398;4628;790465;804266;335919;115659;144025;203049;469380;226959;128686;139611;58045
152;12192;6649;4827;785582;806401;319107;120569;144328;194360;476651;241649;134642;152345;59237
150;13106;6871;4304;809823;900994;363284;134074;160676;224342;457732;242583;136358;129520;45123
145;12061;6040;4400;791481;766855;321735;103920;134590;203010;447721;211212;126514;129536;52972
138;11732;5407;4046;781614;698423;327073;88417;123732;197018;425231;178895;118083;112311;48913
137;12251;5533;3783;793096;731580;352828;93364;139906;212193;407954;181139;123395;104585;40132
144;11859;5740;4556;772803;716866;326480;93304;130097;193369;465481;199040;126648;137088;57912
142;12090;6133;3878;810428;793414;327069;113435;137523;208456;407092;205360;114569;107595;40790
136;11898;5593;3587;795393;729171;332286;98248;133170;209152;385407;178446;112656;97826;35520
148;12619;6918;3960;817267;888798;342970;141986;155304;222297;414229;234745;120679;114580;38085
126;11131;4502;3373;765999;582290;319729;66645;112295;194070;368247;134305;108124;89703;34847
114;11255;4080;2361;767641;599124;354190;63745;106208;224704;284935;106229;87670;53267;17223
125;11181;4781;2969;780930;639994;317064;79668;112958;205993;326682;137358;96926;74343;26381
108;11011;3732;2046;757871;560019;352948;56525;103167;226271;253550;91305;79137;43407;12919
123;11796;4706;2797;780826;665564;359743;78119;126680;226911;318376;133630;100906;67809;23063
143;12435;6267;3886;816049;841407;342568;118131;139945;222081;413035;212556;115719;104142;42362
133;12453;5664;3114;811540;789985;366559;106773;143598;234868;354307;171022;106154;79621;25890
141;11921;5926;3944;798544;755847;322912;104646;135137;208356;410271;198660;116274;112456;41548
139;11357;5252;4339;771038;640127;303647;79150;123905;181890;432275;178241;123527;125592;55006
135;11230;5093;3952;775817;628819;301244;78017;119954;186776;408145;165796;113974;111726;45456
135;11330;5221;3824;783781;656763;305681;83813;120144;191465;397781;168215;111694;106524;42443
136;12292;5714;3466;798825;775623;357447;103992;138229;227254;384671;179494;111334;94712;31842
143;12252;5985;4168;789154;776726;346764;105119;140609;212656;437036;204116;122402;120296;47660
116;11263;4046;2624;768051;583833;348046;59626;108576;218489;304400;111076;94930;60214;22544
129;10803;4550;3706;764612;576716;292114;64772;104513;183310;386862;142207;105090;99120;43405
137;11196;5366;3950;778863;659361;300066;88483;121287;189875;399709;173612;110506;111737;45388
132;11479;5119;3527;786663;678534;326540;84918;118638;204931;383463;158754;102238;93208;37780
141;12626;6141;3729;808739;824784;363981;116198;148603;226749;406534;201273;119558;102459;37380
135;12024;5373;3672;788606;706617;342964;90420;134578;207675;394305;170711;120569;101927;37937
144;12679;6163;4133;786734;807376;366364;110846;150928;218641;438177;211013;132844;120582;44903
140;12150;5943;3787;791516;776532;345451;108547;137356;217717;405442;193665;116082;107163;38205
143;12244;6289;3864;809615;811616;331352;119218;142104;214824;405116;209611;118854;109873;38489
140;12759;6045;3685;806060;826091;368311;111322;147897;231438;404612;199363;123502;101518;35377
146;12189;6325;4260;796488;788890;329397;116979;145195;204468;434559;216589;126783;126685;47827
143;11854;5847;4306;777632;734215;325743;99020;128632;200449;446329;199744;122730;127879;50548
135;12376;5679;3366;803812;771333;355159;103124;139610;222989;371927;178014;117952;89907;29950
116;11659;4313;2357;780448;640967;367419;69225;115090;231991;286724;115761;91457;52485;15989
106;10725;3621;1944;753467;538795;336221;53628;98234;219514;241036;87536;74913;40628;11128
100;10495;3271;1679;736742;503536;348836;47123;90904;221721;220009;73193;66826;32803;8581
121;11526;4587;2673;776991;644224;348862;75573;118415;225295;312988;126434;94539;66266;19707
126;11630;5147;2728;800666;711737;338879;93265;124293;225071;312801;145451;90313;67531;19253
114;11344;4343;2098;782759;645069;355926;74221;113119;232163;257909;109335;76328;45083;11825
130;12027;5465;2920;801021;757071;355654;101220;132233;233417;335184;160574;97381;74712;21254
110;10908;3831;2164;757640;560986;341992;57888;101738;220963;261680;96642;81415;46800;14490
129;12199;5559;2697;816465;789554;358048;108455;133151;238311;312732;158114;96442;64400;18535
114;11239;4231;2210;780646;622711;344568;68370;108668;229112;269928;110287;80016;48188;13619
122;11913;4982;2399;801407;719957;363793;92338;128289;238304;286804;132654;89067;55518;14730
93;9890;2771;1507;707731;436562;329949;36398;79683;214069;193594;57690;60179;27587;8091
112;11176;4106;2110;765869;603062;354178;66974;109459;229677;259212;102054;79672;46630;12262
120;11230;4608;2532;790425;645430;327639;77455;111486;217964;294692;125689;86638;60001;17695
93;9638;2767;1511;700345;427234;317648;35847;75955;207887;191526;58434;58013;27388;8097
104;10647;3554;1802;744817;542222;350623;54063;93430;224663;227039;82234;70260;35851;9956
85;8728;2256;1314;661087;348053;288764;25738;59758;187016;166487;44153;49548;21728;7151
77;8366;1938;988;636439;313970;287062;21843;55093;185269;131548;32774;40056;14273;4260
72;7825;1622;934;605158;258074;268610;15989;48928;173958;121349;26422;39148;12729;4500
93;9176;2851;1427;701587;425439;284882;39529;69966;191314;175831;58045;51495;24764;7428
73;7869;1813;815;613002;295900;265240;20551;48462;177252;111188;28037;31278;10996;2612
56;6162;1000;540;502059;164727;213687;7772;28187;139793;75447;12454;21181;5776;1718
68;7720;1573;705;592963;263036;273496;16679;45929;178331;99154;22410;31596;8961;2066
