source, destination
80021, 25927
161357, 400963
10142, 6916
51742, 65979
8645, 23247
653053, 7074
84216, 57101
201134, 5820
728802, 730476
2804, 27032
5212, 25814
1191, 55872
146713, 56934
100134387, 57628
3214, 27130
80333, 57478
9557, 5565
3575, 374986
288, 282809
121256, 388630
285527, 100130890
23034, 5933
728384, 100132617
54477, 100128217
84814, 54914
6957, 143888
57144, 5519
169714, 392371
100134025, 100131236
94, 5581
2786, 1607
81562, 774
10971, 27347
100134330, 374467
149465, 100127906
80731, 100134605
8633, 2746
3635, 220441
845, 55288
57521, 51429
9033, 55288
3084, 79925
374355, 9679
222223, 9891
2138, 55118
30849, 4240
27133, 199745
130589, 85465
401478, 9162
286262, 54848
28951, 340094
54212, 774
8470, 64778
952, 22801
94134, 257194
84439, 6252
10743, 146691
23335, 11272
379029, 9734
152273, 7476
81706, 23327
22882, 23556
6878, 7455
10718, 221687
29119, 6940
124540, 26137
2904, 100131757
136227, 26053
85465, 134430
100129646, 3910
10082, 341689
392188, 27095
753, 10690
51318, 55037
144423, 400618
5590, 26230
778, 23368
64087, 440307
29929, 10765
100130212, 79642
2044, 55130
410, 54039
253943, 8631
2913, 7455
150297, 8224
196294, 25758
84775, 221935
151194, 80210
4733, 57628
729291, 28981
56998, 375567
55691, 54518
88, 4548
100132944, 23049
1600, 143872
392242, 10160
100128537, 55326
8829, 7096
255231, 55277
